{
  "nbformat": 4,
  "nbformat_minor": 0,
  "metadata": {
    "colab": {
      "name": "PartititonForExtropolation.ipynb",
      "provenance": [],
      "collapsed_sections": [],
      "machine_shape": "hm"
    },
    "kernelspec": {
      "name": "python3",
      "display_name": "Python 3"
    },
    "language_info": {
      "name": "python"
    }
  },
  "cells": [
    {
      "cell_type": "markdown",
      "source": [
        "# Partitioning the Dataset into Training/Testing"
      ],
      "metadata": {
        "id": "B1zHBhNwfo-L"
      }
    },
    {
      "cell_type": "markdown",
      "source": [
        "The images at the start and end of the video will be reserved for testing (serve as ground truth for extraplotion). The rest will be used for training."
      ],
      "metadata": {
        "id": "HkRBg-USf39T"
      }
    },
    {
      "cell_type": "code",
      "execution_count": null,
      "metadata": {
        "id": "M5QpyNMKLcW6"
      },
      "outputs": [],
      "source": [
        "import json\n",
        "import numpy as np"
      ]
    },
    {
      "cell_type": "markdown",
      "source": [
        "Specify the filepaths for input transforms.json file containing info of all the images and the training and testing .json files for only their respective images. Note that the input .json file has to be uploaded to the colab disk for this notebook. Images need not be loaded, as splitting the .json file is sufficient to split the dataset."
      ],
      "metadata": {
        "id": "WsjUztuTf_om"
      }
    },
    {
      "cell_type": "code",
      "source": [
        "# the input dictionary file with entire dataset\n",
        "# output files to hold train and test dictionaries\n",
        "fileName = \"/content/transforms_goku_white_aabb1_train.json\"\n",
        "trainFile = \"/content/transforms_goku_white_aabb1_train_rest.json\"\n",
        "testFile = \"/content/transforms_goku_white_aabb1_test_edges.json\""
      ],
      "metadata": {
        "id": "yD4S_qi-L3wT"
      },
      "execution_count": null,
      "outputs": []
    },
    {
      "cell_type": "markdown",
      "source": [
        "Load the input transforms .json file into a dictionary of camera parameters and a list of frames (with image file path, sharpness, and transformation matrices)."
      ],
      "metadata": {
        "id": "Zk57mk3ggCmg"
      }
    },
    {
      "cell_type": "code",
      "source": [
        "# populating the original dataset dictionary\n",
        "with open(fileName) as f:\n",
        "  origDict = json.load(f)"
      ],
      "metadata": {
        "id": "D_FkS5h7MXXH"
      },
      "execution_count": null,
      "outputs": []
    },
    {
      "cell_type": "code",
      "source": [
        "print(origDict)"
      ],
      "metadata": {
        "colab": {
          "base_uri": "https://localhost:8080/"
        },
        "id": "7HJFxB2tMhMU",
        "outputId": "c5e0b85a-caa0-4094-a827-cbb50c344242"
      },
      "execution_count": null,
      "outputs": [
        {
          "output_type": "stream",
          "name": "stdout",
          "text": [
            "{'camera_angle_x': 0.5327525694415512, 'camera_angle_y': 0.8894693216170686, 'fl_x': 1979.0314037752323, 'fl_y': 2014.3627586982707, 'k1': -0.07594011125540893, 'k2': 0.179768114711013, 'p1': -0.004154834644610971, 'p2': 0.009742299640530735, 'cx': 562.7992320419611, 'cy': 972.4474733624461, 'w': 1080.0, 'h': 1920.0, 'aabb_scale': 1, 'frames': [{'file_path': './drive/MyDrive/gokuWhiteImagesBox1/0078.jpg', 'sharpness': 8.810492852592493, 'transform_matrix': [[-0.9411432208990053, 0.3289832941735656, -0.07758498517253742, -0.4512808166097412], [-0.13454907898623603, -0.15406675691603736, 0.9788564653502481, 4.040612178543337], [0.31007415744310546, 0.9316831148956737, 0.18926328307033463, 0.5588347017560679], [0.0, 0.0, 0.0, 1.0]]}, {'file_path': './drive/MyDrive/gokuWhiteImagesBox1/0076.jpg', 'sharpness': 8.28869453131117, 'transform_matrix': [[-0.940742338520844, 0.33022808555136757, -0.07715739783766262, -0.44514176505406317], [-0.13316725875078173, -0.1504791497628035, 0.979603239421, 4.123527331394639], [0.3118819227293929, 0.9318290814378911, 0.18553767616188244, 0.5414482036048024], [0.0, 0.0, 0.0, 1.0]]}, {'file_path': './drive/MyDrive/gokuWhiteImagesBox1/0075.jpg', 'sharpness': 8.118965497543178, 'transform_matrix': [[-0.9405429866829836, 0.3307819281638417, -0.07721532370799652, -0.4225528967616808], [-0.13281435515630627, -0.14890461201078725, 0.9798917101327995, 4.1254685890647504], [0.31263275145146496, 0.9318855791006634, 0.1839837769979372, 0.5783688912107743], [0.0, 0.0, 0.0, 1.0]]}, {'file_path': './drive/MyDrive/gokuWhiteImagesBox1/0077.jpg', 'sharpness': 3.7415268020153154, 'transform_matrix': [[-0.9407596001496109, 0.3297407535451383, -0.07900892475850677, -0.4039980544459893], [-0.13643430265196838, -0.15479803811416162, 0.9784800705464205, 4.11257439258329], [0.3104143292447505, 0.9312940474743231, 0.1906156902060888, 0.5297446900902201], [0.0, 0.0, 0.0, 1.0]]}, {'file_path': './drive/MyDrive/gokuWhiteImagesBox1/0074.jpg', 'sharpness': 11.64902756344308, 'transform_matrix': [[-0.9405821452565604, 0.3309121291249468, -0.07617342605022048, -0.3654116794027643], [-0.1314300876338622, -0.14793562325400852, 0.9802250677460019, 4.082435133128371], [0.31309960093134215, 0.9319936771159443, 0.18263741601012143, 0.5869723467807632], [0.0, 0.0, 0.0, 1.0]]}, {'file_path': './drive/MyDrive/gokuWhiteImagesBox1/0073.jpg', 'sharpness': 9.691106241065674, 'transform_matrix': [[-0.9415279486376756, 0.32889059382180763, -0.07318537588436727, -0.28702073388778077], [-0.12729485325772097, -0.14610799576080566, 0.9810445830386642, 3.9973155730817327], [0.3119633668917879, 0.9329970154743098, 0.17943084140662544, 0.5812821199696728], [0.0, 0.0, 0.0, 1.0]]}, {'file_path': './drive/MyDrive/gokuWhiteImagesBox1/0072.jpg', 'sharpness': 8.24110291070972, 'transform_matrix': [[-0.9448172933764201, 0.32209810023356356, -0.059775379350130595, -0.22204045106324022], [-0.11098606102398785, -0.14304347652247132, 0.9834737709178603, 3.9052587930760905], [0.3082245551694894, 0.9358372602456, 0.1708983497313478, 0.5958221089977779], [0.0, 0.0, 0.0, 1.0]]}, {'file_path': './drive/MyDrive/gokuWhiteImagesBox1/0069.jpg', 'sharpness': 7.3361482444031765, 'transform_matrix': [[-0.9533247850693756, 0.30136614734219386, -0.018716287618527, 0.0144383056014532], [-0.06467686441740572, -0.14326237463904273, 0.9875691344015194, 3.8035243970779375], [0.29493856545999353, 0.9426846435911783, 0.15606698996294074, 0.5580668621586662], [0.0, 0.0, 0.0, 1.0]]}, {'file_path': './drive/MyDrive/gokuWhiteImagesBox1/0071.jpg', 'sharpness': 7.302683738172657, 'transform_matrix': [[-0.94776796184983, 0.31525426390142697, -0.04848339506115302, -0.1677337791528529], [-0.09757540760748143, -0.14185201122997954, 0.985067026522, 3.7915839643441975], [0.30366911323907825, 0.938345755047515, 0.16520385486791533, 0.6199484297404408], [0.0, 0.0, 0.0, 1.0]]}, {'file_path': './drive/MyDrive/gokuWhiteImagesBox1/0070.jpg', 'sharpness': 5.689720775395751, 'transform_matrix': [[-0.9512376392168653, 0.30678387926660816, -0.03210303993273932, -0.06324374714230181], [-0.07959945179014327, -0.14358823947479069, 0.9864311150606969, 3.742527376083021], [0.29801154512187544, 0.9408857895198408, 0.1610063665449815, 0.5897694521280794], [0.0, 0.0, 0.0, 1.0]]}, {'file_path': './drive/MyDrive/gokuWhiteImagesBox1/0068.jpg', 'sharpness': 6.249915122562799, 'transform_matrix': [[-0.9575536002411105, 0.2880988445996635, 0.009495178739433802, 0.037361267306051084], [-0.03317281421921355, -0.14285810861848633, 0.9891871032314249, 3.843776746671959], [0.28634012480957144, 0.9468846902110245, 0.14635134567994182, 0.5370331864222035], [0.0, 0.0, 0.0, 1.0]]}, {'file_path': './drive/MyDrive/gokuWhiteImagesBox1/0067.jpg', 'sharpness': 7.339813846847097, 'transform_matrix': [[-0.9594646799284708, 0.28023973910979516, 0.029886729615306844, 0.10712021136655515], [-0.010413134769813131, -0.14122405680023578, 0.9899228921516062, 3.944670423210911], [0.28163645823614525, 0.9494848363287938, 0.13841766862724597, 0.5087206476163513], [0.0, 0.0, 0.0, 1.0]]}, {'file_path': './drive/MyDrive/gokuWhiteImagesBox1/0066.jpg', 'sharpness': 5.418241216965429, 'transform_matrix': [[-0.9626236287196033, 0.26299871829578836, 0.06471030535504732, 0.1826540231473467], [0.02722658462320931, -0.14374620473469082, 0.9892399818622267, 3.976673687584348], [0.26947070811872553, 0.9540276216194741, 0.1312129363569033, 0.4719308673558775], [0.0, 0.0, 0.0, 1.0]]}, {'file_path': './drive/MyDrive/gokuWhiteImagesBox1/0065.jpg', 'sharpness': 8.939604067553374, 'transform_matrix': [[-0.9647192062211034, 0.24813593639563436, 0.08800801231054639, 0.2779792897334008], [0.05458690498517201, -0.13849796386117355, 0.9888572110325637, 3.9933875724130603], [0.25755994052962033, 0.9587736286992785, 0.12006667297595523, 0.4524139284245683], [0.0, 0.0, 0.0, 1.0]]}, {'file_path': './drive/MyDrive/gokuWhiteImagesBox1/0064.jpg', 'sharpness': 8.711817611277812, 'transform_matrix': [[-0.9656379057825621, 0.23913694794205292, 0.10176912625396223, 0.3642332679919185], [0.07101617669280148, -0.1338882934112759, 0.9884485963043319, 4.011685530116407], [0.2500002751539238, 0.9617106867609518, 0.11230501950963556, 0.43087457418545455], [0.0, 0.0, 0.0, 1.0]]}, {'file_path': './drive/MyDrive/gokuWhiteImagesBox1/0061.jpg', 'sharpness': 12.464521122645868, 'transform_matrix': [[-0.963749656910814, 0.2022580371217054, 0.17400656665088982, 0.8679027946667566], [0.1496060581641886, -0.13034758701533827, 0.9801160818599515, 4.102144828085044], [0.2209176909561775, 0.9706189741566236, 0.09536341459938029, 0.2935915946918165], [0.0, 0.0, 0.0, 1.0]]}, {'file_path': './drive/MyDrive/gokuWhiteImagesBox1/0062.jpg', 'sharpness': 9.99431037808642, 'transform_matrix': [[-0.9660109233110051, 0.21694007644617133, 0.14056990890306556, 0.6219159039316424], [0.1135193693703421, -0.1325346950658713, 0.9846562381776737, 4.042310586475515], [0.23224178959536917, 0.9671460891970779, 0.1034030624820017, 0.35658235726365833], [0.0, 0.0, 0.0, 1.0]]}, {'file_path': './drive/MyDrive/gokuWhiteImagesBox1/0063.jpg', 'sharpness': 7.581469424835934, 'transform_matrix': [[-0.9662381332426809, 0.2296012359741648, 0.1169065537961942, 0.44893720584210484], [0.08798991151381515, -0.1324059484427096, 0.9872823508446955, 4.0453354513745365], [0.2421603711439746, 0.9642364529875365, 0.10773308401668097, 0.4077075253701523], [0.0, 0.0, 0.0, 1.0]]}, {'file_path': './drive/MyDrive/gokuWhiteImagesBox1/0060.jpg', 'sharpness': 10.470654417438034, 'transform_matrix': [[-0.9586056563458286, 0.1744796292188062, 0.22501567639415296, 1.1179398839286208], [0.2067027937385167, -0.11707848302053156, 0.9713735552684942, 4.102968033562971], [0.1958293918042666, 0.9776755534507694, 0.07616666924988297, 0.23081707921341602], [0.0, 0.0, 0.0, 1.0]]}, {'file_path': './drive/MyDrive/gokuWhiteImagesBox1/0058.jpg', 'sharpness': 11.741090365202666, 'transform_matrix': [[-0.9303960123593017, 0.1127307033099356, 0.34879083808326233, 1.3252949204729374], [0.34447703242967415, -0.056351322635522824, 0.9371019702072577, 4.250925524973341], [0.1252949892237348, 0.9920263690964589, 0.013595907731346274, 0.17548488813993224], [0.0, 0.0, 0.0, 1.0]]}, {'file_path': './drive/MyDrive/gokuWhiteImagesBox1/0059.jpg', 'sharpness': 9.768734567365392, 'transform_matrix': [[-0.9454578643959329, 0.13680494022615985, 0.2956244830782216, 1.2186507099391957], [0.2853769160571806, -0.08972522360471594, 0.9542061622267106, 4.1805702111997025], [0.15706508983408043, 0.9865261236241664, 0.045790446348633926, 0.2047148616196583], [0.0, 0.0, 0.0, 1.0]]}, {'file_path': './drive/MyDrive/gokuWhiteImagesBox1/0057.jpg', 'sharpness': 9.985982349525639, 'transform_matrix': [[-0.9185765386558197, 0.10979495926128632, 0.37968698893374414, 1.4595390262359234], [0.37944480293774663, -0.02391205548206646, 0.9249053222502334, 4.179341811212379], [0.11062903852221373, 0.9936665841909563, -0.01969607352359408, 0.17878724670429214], [0.0, 0.0, 0.0, 1.0]]}, {'file_path': './drive/MyDrive/gokuWhiteImagesBox1/0056.jpg', 'sharpness': 11.699733796183729, 'transform_matrix': [[-0.9083149168276657, 0.10067227852652001, 0.4059915075691816, 1.5309407998077573], [0.4059706947259622, -0.021623450282585624, 0.9136302432725438, 4.126714200372493], [0.10075617550005989, 0.994684632810042, -0.021229092408102928, 0.19655601722866267], [0.0, 0.0, 0.0, 1.0]]}, {'file_path': './drive/MyDrive/gokuWhiteImagesBox1/0055.jpg', 'sharpness': 15.698957162300935, 'transform_matrix': [[-0.8987419202581801, 0.08121478244390509, 0.43089107660393183, 1.5859607186908489], [0.42920380624094184, -0.03809976194172522, 0.9024037349484558, 3.9639423801006273], [0.08970537045182968, 0.995968155749394, -0.0006158405390684323, 0.20113405590864042], [0.0, 0.0, 0.0, 1.0]]}, {'file_path': './drive/MyDrive/gokuWhiteImagesBox1/0046.jpg', 'sharpness': 25.54595051321416, 'transform_matrix': [[-0.7457559943606755, -0.019467167879503384, 0.6659347012009053, 2.995642927742023], [0.6661766350798096, -0.010493420440500972, 0.7457201747316832, 2.9811313649181748], [-0.007529127027013854, 0.9997554288507406, 0.02079410358735186, 0.10705941236237633], [0.0, 0.0, 0.0, 1.0]]}, {'file_path': './drive/MyDrive/gokuWhiteImagesBox1/0052.jpg', 'sharpness': 20.756783852564528, 'transform_matrix': [[-0.8663408999163247, 0.041634170750791365, 0.49771481891916153, 2.044582862942645], [0.4960109129875939, -0.04507490145297939, 0.8671455630151542, 3.6310029921704325], [0.0585373328508327, 0.9981156491605452, 0.01839922764283243, 0.1537191609963611], [0.0, 0.0, 0.0, 1.0]]}, {'file_path': './drive/MyDrive/gokuWhiteImagesBox1/0051.jpg', 'sharpness': 26.838907695586876, 'transform_matrix': [[-0.8513263403530219, 0.028851526784943852, 0.5238425828786504, 2.18409423952725], [0.5224501522609413, -0.04443938880667778, 0.8515109976539701, 3.5542932217969287], [0.047846636570526395, 0.9985953785888205, 0.022758937678559545, 0.13542496773133758], [0.0, 0.0, 0.0, 1.0]]}, {'file_path': './drive/MyDrive/gokuWhiteImagesBox1/0054.jpg', 'sharpness': 13.822023531624932, 'transform_matrix': [[-0.8907423586636497, 0.07042741778487561, 0.44901896320772466, 1.7338281741152628], [0.4470666791566208, -0.04227923724190084, 0.8935008956272878, 3.8189573749484023], [0.08191114013907518, 0.9966205119987602, 0.006174155712690534, 0.18195724183704343], [0.0, 0.0, 0.0, 1.0]]}, {'file_path': './drive/MyDrive/gokuWhiteImagesBox1/0050.jpg', 'sharpness': 21.403940489941, 'transform_matrix': [[-0.8319630335075731, 0.016645504906122884, 0.5545813178037688, 2.3659169959379365], [0.5536782871702527, -0.039492161012913744, 0.8317936784656377, 3.4824124917820463], [0.03574724045324201, 0.9990812261269066, 0.023639763430567107, 0.11772086691275546], [0.0, 0.0, 0.0, 1.0]]}, {'file_path': './drive/MyDrive/gokuWhiteImagesBox1/0049.jpg', 'sharpness': 16.62732156403235, 'transform_matrix': [[-0.8115281480731932, 0.002442259181761792, 0.5843082236873358, 2.5428703654840645], [0.5838594331700632, -0.03601841334610946, 0.8110553841748493, 3.379949790856562], [0.023026662581219784, 0.999348142182902, 0.027804020217785202, 0.10522715077456661], [0.0, 0.0, 0.0, 1.0]]}, {'file_path': './drive/MyDrive/gokuWhiteImagesBox1/0048.jpg', 'sharpness': 28.415894097109668, 'transform_matrix': [[-0.7897591882629219, -0.008797259460819088, 0.613353921316182, 2.6926383164358065], [0.6132910295185422, -0.0315875320377696, 0.789225152242692, 3.253178718886272], [0.012431318202783056, 0.9994622734551057, 0.030341823973045544, 0.09926826009915002], [0.0, 0.0, 0.0, 1.0]]}, {'file_path': './drive/MyDrive/gokuWhiteImagesBox1/0047.jpg', 'sharpness': 26.628954957308466, 'transform_matrix': [[-0.7675786179476416, -0.013520346994968624, 0.6408121920659683, 2.8598353987450955], [0.6409482358321643, -0.020718519043303345, 0.767304438898238, 3.1190415383691907], [0.0029024573398157, 0.9996939247590245, 0.024568934767444605, 0.09997359416987808], [0.0, 0.0, 0.0, 1.0]]}, {'file_path': './drive/MyDrive/gokuWhiteImagesBox1/0053.jpg', 'sharpness': 25.201982542214758, 'transform_matrix': [[-0.8801932494765402, 0.056927885298214534, 0.47118898487238636, 1.8875068418430674], [0.4693350450817506, -0.04327912145820483, 0.8819589180367576, 3.74410648219972], [0.07060070142979412, 0.9974397894286929, 0.011375738937941006, 0.1706124245749274], [0.0, 0.0, 0.0, 1.0]]}, {'file_path': './drive/MyDrive/gokuWhiteImagesBox1/0044.jpg', 'sharpness': 27.0810730083615, 'transform_matrix': [[-0.6873105192759636, -0.042364878381930746, 0.7251272075890939, 3.169527583650926], [0.7255158517292014, 0.008180515775035476, 0.6881568339063104, 2.7756252931286274], [-0.0350855951367255, 0.9990687144814678, 0.025113836277385723, 0.12280932056805186], [0.0, 0.0, 0.0, 1.0]]}, {'file_path': './drive/MyDrive/gokuWhiteImagesBox1/0045.jpg', 'sharpness': 23.80582175388601, 'transform_matrix': [[-0.7189681280484669, -0.030007431452177005, 0.6943949776040966, 3.110882403506617], [0.6947597676120859, -0.0025067747118594397, 0.719237499987866, 2.885498102960738], [-0.01984177820882093, 0.9995465322597569, 0.02265024722437505, 0.11920430741825766], [0.0, 0.0, 0.0, 1.0]]}, {'file_path': './drive/MyDrive/gokuWhiteImagesBox1/0042.jpg', 'sharpness': 25.095655275351753, 'transform_matrix': [[-0.6237473326388897, -0.05747065976168324, 0.7795103516349826, 3.4114159455846536], [0.7792359322514837, 0.032209746274147674, 0.6259024637543515, 2.43176060440861], [-0.061078858182660144, 0.9978274678148538, 0.02469245981302813, 0.16653559467739165], [0.0, 0.0, 0.0, 1.0]]}, {'file_path': './drive/MyDrive/gokuWhiteImagesBox1/0043.jpg', 'sharpness': 18.38119598623938, 'transform_matrix': [[-0.6534040006821773, -0.05329248483108271, 0.7551311958638188, 3.301273210254949], [0.7553920253837395, 0.019270866691880568, 0.6549897111285387, 2.611418991034836], [-0.04945806185520495, 0.9983929811310664, 0.02766505666119619, 0.1364989232704129], [0.0, 0.0, 0.0, 1.0]]}, {'file_path': './drive/MyDrive/gokuWhiteImagesBox1/0041.jpg', 'sharpness': 23.390814394294363, 'transform_matrix': [[-0.5908308077266179, -0.06220344700708098, 0.8043939879407457, 3.468633634488702], [0.8033492853747917, 0.04669629847295965, 0.5936744742680005, 2.3162809538777163], [-0.07449082045032168, 0.996970504530415, 0.022381482956365304, 0.19226258217284614], [0.0, 0.0, 0.0, 1.0]]}, {'file_path': './drive/MyDrive/gokuWhiteImagesBox1/0039.jpg', 'sharpness': 21.81522711694011, 'transform_matrix': [[-0.5372962231668096, -0.07536760289845634, 0.8400193408592982, 3.4865676755631148], [0.837533973180111, 0.0695224238831625, 0.5419441634958331, 1.9976430704828392], [-0.09924521319276496, 0.9947292883116332, 0.025768792126779846, 0.26383982588653215], [0.0, 0.0, 0.0, 1.0]]}, {'file_path': './drive/MyDrive/gokuWhiteImagesBox1/0038.jpg', 'sharpness': 21.81338107546581, 'transform_matrix': [[-0.5118781368466526, -0.08106391602013426, 0.8552247742854201, 3.476160874307626], [0.8520519045877706, 0.07897743958770556, 0.5174650866726898, 1.8684481299212934], [-0.10949120927442234, 0.9935749622297462, 0.02864383940922475, 0.2940565655292964], [0.0, 0.0, 0.0, 1.0]]}, {'file_path': './drive/MyDrive/gokuWhiteImagesBox1/0040.jpg', 'sharpness': 25.61744403853972, 'transform_matrix': [[-0.561296690570128, -0.0690220487851673, 0.824731460507108, 3.480645839144324], [0.8229326460430996, 0.05930231463793861, 0.565035481678573, 2.1725084313542897], [-0.08790839114456825, 0.9958509889909852, 0.023514304292670277, 0.22339042431817568], [0.0, 0.0, 0.0, 1.0]]}, {'file_path': './drive/MyDrive/gokuWhiteImagesBox1/0036.jpg', 'sharpness': 21.655364100609294, 'transform_matrix': [[-0.4546596510443269, -0.08603641425696969, 0.8865000491526899, 3.490299376366072], [0.8814605828293419, 0.09926010351849779, 0.46170842830546766, 1.5773242227801623], [-0.127717824251673, 0.9913350429019587, 0.030708143827151303, 0.3735147546957799], [0.0, 0.0, 0.0, 1.0]]}, {'file_path': './drive/MyDrive/gokuWhiteImagesBox1/0013.jpg', 'sharpness': 20.490641396194675, 'transform_matrix': [[-0.41467318192943675, -0.12505037915246034, 0.9013370928104587, 3.494191832719886], [0.9005823747085943, 0.08551665463293207, 0.42619043647795757, 1.9143498726704], [-0.13037460854644417, 0.9884580438583939, 0.07715670413073425, 0.2611304647553486], [0.0, 0.0, 0.0, 1.0]]}, {'file_path': './drive/MyDrive/gokuWhiteImagesBox1/0016.jpg', 'sharpness': 15.990347446601774, 'transform_matrix': [[-0.3839049447745521, -0.122593204249693, 0.9151982843423105, 3.582413890315898], [0.9128931756069046, 0.0985098037418263, 0.39613364979226284, 1.5832001332510768], [-0.13871929681457637, 0.9875559350500831, 0.07409609877007042, 0.34471313075489063], [0.0, 0.0, 0.0, 1.0]]}, {'file_path': './drive/MyDrive/gokuWhiteImagesBox1/0012.jpg', 'sharpness': 19.70655333683762, 'transform_matrix': [[-0.42756309350865834, -0.12329297365575309, 0.8955381866397968, 3.4651841186104417], [0.8951454765174848, 0.08045933300397454, 0.4384528157093896, 2.031607328987324], [-0.12611255663317553, 0.9891031990615734, 0.07596370633351421, 0.24054645338268293], [0.0, 0.0, 0.0, 1.0]]}, {'file_path': './drive/MyDrive/gokuWhiteImagesBox1/0010.jpg', 'sharpness': 18.53763165232944, 'transform_matrix': [[-0.4821061642710095, -0.12033813063115834, 0.8678089540341007, 3.320440020034773], [0.8694610943377722, 0.05610921811361251, 0.4908046058018343, 2.252111760818494], [-0.1077545906502007, 0.9911460487602738, 0.07757872282412959, 0.20095718012680058], [0.0, 0.0, 0.0, 1.0]]}, {'file_path': './drive/MyDrive/gokuWhiteImagesBox1/0015.jpg', 'sharpness': 14.590498632987398, 'transform_matrix': [[-0.3968598321966691, -0.12372001594220347, 0.9095029583556943, 3.566597663780049], [0.9078220272521029, 0.09337426911410412, 0.40882809676432486, 1.6779839933343368], [-0.13550439264288142, 0.9879142693254253, 0.07525925891220371, 0.3197944253036771], [0.0, 0.0, 0.0, 1.0]]}, {'file_path': './drive/MyDrive/gokuWhiteImagesBox1/0011.jpg', 'sharpness': 19.177377025239462, 'transform_matrix': [[-0.45119442093894446, -0.12233146173714123, 0.8840014751099075, 3.4025432231595123], [0.8845418788706505, 0.0700739119261804, 0.46116733556486017, 2.1441296775234906], [-0.11836071577453731, 0.9900124546442871, 0.0765903428955045, 0.2190581501341417], [0.0, 0.0, 0.0, 1.0]]}, {'file_path': './drive/MyDrive/gokuWhiteImagesBox1/0009.jpg', 'sharpness': 18.778044463723184, 'transform_matrix': [[-0.5191299496118117, -0.11718714457802061, 0.846623451467862, 3.2266173861260743], [0.8495434248881429, 0.03784788207427228, 0.5261592031433711, 2.4115574311742027], [-0.0937019991622874, 0.9923883871662372, 0.07990759904354292, 0.1860515689967123], [0.0, 0.0, 0.0, 1.0]]}, {'file_path': './drive/MyDrive/gokuWhiteImagesBox1/0014.jpg', 'sharpness': 10.137173987795975, 'transform_matrix': [[-0.405584307571236, -0.1247334473083801, 0.9055070052673232, 3.541080153711188], [0.9042939897117764, 0.08965213305598213, 0.4173905547689372, 1.7658625414727285], [-0.13324319728963674, 0.9881316016478837, 0.07643420840920395, 0.2977672884704942], [0.0, 0.0, 0.0, 1.0]]}, {'file_path': './drive/MyDrive/gokuWhiteImagesBox1/0007.jpg', 'sharpness': 18.257359664267888, 'transform_matrix': [[-0.6158041796093132, -0.0907130895749785, 0.782659790566201, 3.0133094981863335], [0.7861205125158353, -0.004029155600082167, 0.6180601149626481, 2.6003005117278186], [-0.05291268449320935, 0.9958689177292498, 0.07379259132740391, 0.18148883356933965], [0.0, 0.0, 0.0, 1.0]]}, {'file_path': './drive/MyDrive/gokuWhiteImagesBox1/0005.jpg', 'sharpness': 16.88997347490787, 'transform_matrix': [[-0.649501432682178, -0.07845719385782535, 0.7563017636429398, 3.0014179048596725], [0.7590262504565258, -0.008004503218713568, 0.6510108133101784, 2.6930549127774017], [-0.045022661682018586, 0.9968853478081092, 0.06475000598370959, 0.1641139311831287], [0.0, 0.0, 0.0, 1.0]]}, {'file_path': './drive/MyDrive/gokuWhiteImagesBox1/0003.jpg', 'sharpness': 13.380518902757201, 'transform_matrix': [[-0.6433643401557388, -0.08139431089487952, 0.7612209219297548, 3.2250806645573524], [0.7639494956369843, -0.0037929782857793327, 0.6452648924529928, 2.7123163845623415], [-0.04963359683830949, 0.9966747611352397, 0.06462140972791862, 0.1176662115310315], [0.0, 0.0, 0.0, 1.0]]}, {'file_path': './drive/MyDrive/gokuWhiteImagesBox1/0004.jpg', 'sharpness': 13.313577350580978, 'transform_matrix': [[-0.647758219533468, -0.07851707762783945, 0.7577891247314669, 3.1076699601039164], [0.7604455100623045, -0.006352716649184068, 0.649370671664426, 2.683178726107231], [-0.04617266784706582, 0.9968925275706886, 0.06382298357118012, 0.15674292727211903], [0.0, 0.0, 0.0, 1.0]]}, {'file_path': './drive/MyDrive/gokuWhiteImagesBox1/0002.jpg', 'sharpness': 16.487992861924983, 'transform_matrix': [[-0.6353185875283118, -0.08778399788191252, 0.7672445907730902, 3.385803685849047], [0.7702664925373099, -0.000868148288733529, 0.6377215511439693, 2.69606616909681], [-0.05531566521635248, 0.9961391549621623, 0.06816862289396675, 0.09263489087539616], [0.0, 0.0, 0.0, 1.0]]}, {'file_path': './drive/MyDrive/gokuWhiteImagesBox1/0006.jpg', 'sharpness': 12.890349144670559, 'transform_matrix': [[-0.6506597929444945, -0.07977644116325971, 0.755167235315741, 2.9619034098633064], [0.7582263155492979, -0.013708844298007679, 0.6518473149420809, 2.6726167375595757], [-0.04164958892000534, 0.9967185094286433, 0.06940839084330383, 0.1648399630628309], [0.0, 0.0, 0.0, 1.0]]}, {'file_path': './drive/MyDrive/gokuWhiteImagesBox1/0001.jpg', 'sharpness': 18.69040408468364, 'transform_matrix': [[-0.6262389307595783, -0.09616141565970862, 0.7736780879365062, 3.5423512701059723], [0.7771674740789544, 0.0018328519930555982, 0.6292911551006898, 2.6526632907408954], [-0.06193156576207349, 0.9953640654585658, 0.07358572123974055, 0.06404626520402844], [0.0, 0.0, 0.0, 1.0]]}, {'file_path': './drive/MyDrive/gokuWhiteImagesBox1/0100.jpg', 'sharpness': 23.73119646915178, 'transform_matrix': [[-0.716055968319859, -0.058903776723057105, 0.6955531578067464, 2.9520978438501224], [0.697150275194257, -0.009972025794321566, 0.7168556706191144, 2.9739472985895197], [-0.035289432333835136, 0.9982138567479596, 0.04820531273872393, 0.10772315016524747], [0.0, 0.0, 0.0, 1.0]]}, {'file_path': './drive/MyDrive/gokuWhiteImagesBox1/0019.jpg', 'sharpness': 14.409322889145495, 'transform_matrix': [[-0.3295011861651072, -0.11843354592645178, 0.9366976371960922, 3.5595538156659643], [0.9316890834122401, 0.11989878278687773, 0.34289901390545907, 1.3518612454225103], [-0.1529196526506631, 0.9856965948503326, 0.07083645070144863, 0.40470420385447237], [0.0, 0.0, 0.0, 1.0]]}, {'file_path': './drive/MyDrive/gokuWhiteImagesBox1/0101.jpg', 'sharpness': 23.330991512107534, 'transform_matrix': [[-0.7044119584797791, -0.05487049271330624, 0.7076673101067678, 2.919163821792622], [0.708833564124779, -0.002603680597256204, 0.7053709656756233, 2.788173417678064], [-0.03686151278764465, 0.9984900850239145, 0.040728110664024667, 0.18416244319532643], [0.0, 0.0, 0.0, 1.0]]}, {'file_path': './drive/MyDrive/gokuWhiteImagesBox1/0022.jpg', 'sharpness': 21.894143516463547, 'transform_matrix': [[-0.2571503245390353, -0.1211174330149408, 0.9587514161778368, 3.518185574129577], [0.9506440384749151, 0.14655732406839436, 0.27349015133029353, 1.042377669513763], [-0.17363646708580013, 0.9817593993416577, 0.07745230220327823, 0.4934467943992542], [0.0, 0.0, 0.0, 1.0]]}, {'file_path': './drive/MyDrive/gokuWhiteImagesBox1/0102.jpg', 'sharpness': 15.665213154851127, 'transform_matrix': [[-0.6980950352234636, -0.05420449635723415, 0.7139504145139752, 2.8349457719528632], [0.7150191570236851, -0.0004654548259810201, 0.6991047049202249, 2.7149050455693513], [-0.037562306765226934, 0.9985297471486667, 0.03908218499538118, 0.21115008005270774], [0.0, 0.0, 0.0, 1.0]]}, {'file_path': './drive/MyDrive/gokuWhiteImagesBox1/0023.jpg', 'sharpness': 19.76749563267899, 'transform_matrix': [[-0.21737480917293955, -0.12220880093946204, 0.9684075595138828, 3.5172555539216392], [0.9585423256202705, 0.16054266943600254, 0.2354201802851596, 0.9742511252737938], [-0.1842411526559646, 0.9794340510096333, 0.08224437613101138, 0.516379213415592], [0.0, 0.0, 0.0, 1.0]]}, {'file_path': './drive/MyDrive/gokuWhiteImagesBox1/0103.jpg', 'sharpness': 13.830198968076767, 'transform_matrix': [[-0.696354040406028, -0.05332930162963289, 0.7157143536436605, 2.756923088724513], [0.716735622239328, -3.603644736322616e-05, 0.6973449982004811, 2.6382994881580895], [-0.0371631299463172, 0.9985769796582468, 0.038248104312827026, 0.24331454270933403], [0.0, 0.0, 0.0, 1.0]]}, {'file_path': './drive/MyDrive/gokuWhiteImagesBox1/0024.jpg', 'sharpness': 25.60908276063897, 'transform_matrix': [[-0.19090630535149028, -0.12242554392282001, 0.9739439248672958, 3.5300050159594027], [0.9627750466738436, 0.17007127167323235, 0.2100951500018004, 0.9153622223517077], [-0.19136089485511693, 0.9777973965809281, 0.08540058064279743, 0.5233361193666421], [0.0, 0.0, 0.0, 1.0]]}, {'file_path': './drive/MyDrive/gokuWhiteImagesBox1/0104.jpg', 'sharpness': 9.472444515721657, 'transform_matrix': [[-0.6956743045416, -0.05457982459369258, 0.7162808839844538, 2.6796826428764033], [0.7173769195120849, -0.0007074219967903094, 0.6966849036014211, 2.5568808799705574], [-0.03751822698242825, 0.9985091598557108, 0.03964644174016773, 0.27784860307415704], [0.0, 0.0, 0.0, 1.0]]}, {'file_path': './drive/MyDrive/gokuWhiteImagesBox1/0025.jpg', 'sharpness': 21.528957368669943, 'transform_matrix': [[-0.18240958010767994, -0.12370036592824558, 0.9754101519708647, 3.5206017650739208], [0.9638747979178975, 0.17333890032834282, 0.20223501074824773, 0.843933583248317], [-0.1940930679447924, 0.9770628665116431, 0.0876129891862378, 0.5440139602114499], [0.0, 0.0, 0.0, 1.0]]}, {'file_path': './drive/MyDrive/gokuWhiteImagesBox1/0105.jpg', 'sharpness': 9.899440574541101, 'transform_matrix': [[-0.6937440819483048, -0.053541427752840653, 0.7182286991547736, 2.6275801057659134], [0.7192972710690073, -0.0009998780663412262, 0.6947016885521315, 2.5114862328902565], [-0.03647717914448873, 0.9985651284580075, 0.03920586236295091, 0.29899406761123337], [0.0, 0.0, 0.0, 1.0]]}, {'file_path': './drive/MyDrive/gokuWhiteImagesBox1/0028.jpg', 'sharpness': 17.180475977617206, 'transform_matrix': [[-0.18640049844611511, -0.12659549512417834, 0.9742835494900709, 3.5145549725266676], [0.9630494260522613, 0.1726729852579306, 0.20668779147103922, 0.7250390855896329], [-0.19439819227554248, 0.9768099205015012, 0.08973138839988491, 0.5822422262972674], [0.0, 0.0, 0.0, 1.0]]}, {'file_path': './drive/MyDrive/gokuWhiteImagesBox1/0106.jpg', 'sharpness': 14.076578413998112, 'transform_matrix': [[-0.6838573640597045, -0.051336647736295475, 0.7278074293617642, 2.6681810898235905], [0.7287023830322097, 0.001839789541743074, 0.6848280456715188, 2.5548066159259157], [-0.036495788637517186, 0.9986797103115483, 0.036150983915882666, 0.29558371242627834], [0.0, 0.0, 0.0, 1.0]]}, {'file_path': './drive/MyDrive/gokuWhiteImagesBox1/0026.jpg', 'sharpness': 22.66321058950379, 'transform_matrix': [[-0.1827509538419306, -0.12436647686164289, 0.9752615384175438, 3.5181568976626214], [0.9637408884165405, 0.17351766701388735, 0.20271931143530914, 0.7971974061079635], [-0.19443659342961442, 0.9769465689999881, 0.08814653974466054, 0.5582110830657607], [0.0, 0.0, 0.0, 1.0]]}, {'file_path': './drive/MyDrive/gokuWhiteImagesBox1/0107.jpg', 'sharpness': 16.72038242622659, 'transform_matrix': [[-0.6779774371298487, -0.050554040082253816, 0.7333422691948632, 2.78919382480819], [0.7340670551620702, 0.005863011262734559, 0.679051679642478, 2.6844611176178925], [-0.03862839981429647, 0.9987041174164695, 0.03313506597995312, 0.23442941500781858], [0.0, 0.0, 0.0, 1.0]]}, {'file_path': './drive/MyDrive/gokuWhiteImagesBox1/0027.jpg', 'sharpness': 18.565621621152694, 'transform_matrix': [[-0.1848788540925685, -0.1264482433770866, 0.9745925564408622, 3.511185647664659], [0.963365328145066, 0.17273255585248737, 0.20516020246935748, 0.7331545077295515], [-0.19428601040197738, 0.976818461081324, 0.08988125648384583, 0.5801138193811626], [0.0, 0.0, 0.0, 1.0]]}, {'file_path': './drive/MyDrive/gokuWhiteImagesBox1/0109.jpg', 'sharpness': 14.903921196876027, 'transform_matrix': [[-0.6542977939900788, -0.046939702407267136, 0.7547788160324196, 3.1196246428653014], [0.7546584561974823, 0.02392632827601822, 0.6556814358402351, 2.742872824602107], [-0.048836577200486356, 0.9986111331081025, 0.019768499543756375, 0.1470216959908896], [0.0, 0.0, 0.0, 1.0]]}, {'file_path': './drive/MyDrive/gokuWhiteImagesBox1/0029.jpg', 'sharpness': 18.493711901883145, 'transform_matrix': [[-0.20068149175816494, -0.12090964086642536, 0.9721665482955774, 3.5153105218278626], [0.9592400677478885, 0.1772877150034403, 0.22006262412444433, 0.7683804622868903], [-0.19896087880111435, 0.9767036013387903, 0.080403008978796, 0.5686056201195198], [0.0, 0.0, 0.0, 1.0]]}, {'file_path': './drive/MyDrive/gokuWhiteImagesBox1/0108.jpg', 'sharpness': 21.936615547347376, 'transform_matrix': [[-0.6723395493675695, -0.04801018201575905, 0.7386843390736634, 2.9767665584750644], [0.7391236750646453, 0.011313271086045034, 0.673474723250188, 2.7232431525219227], [-0.0406905802212109, 0.9987827753493047, 0.027879102588145764, 0.18330418075889338], [0.0, 0.0, 0.0, 1.0]]}, {'file_path': './drive/MyDrive/gokuWhiteImagesBox1/0031.jpg', 'sharpness': 20.09888406069826, 'transform_matrix': [[-0.26986135249656595, -0.11804102723237582, 0.9556365241724057, 3.5068365219788395], [0.9450534285753069, 0.15771874196026683, 0.2863543531591216, 0.9294793617250284], [-0.1845233523631192, 0.9804035466777212, 0.06899288447905352, 0.5248026316532525], [0.0, 0.0, 0.0, 1.0]]}, {'file_path': './drive/MyDrive/gokuWhiteImagesBox1/0110.jpg', 'sharpness': 28.562763310176816, 'transform_matrix': [[-0.6353541407092308, -0.057208673608334454, 0.7700988790806522, 3.186971947427954], [0.7698071823585255, 0.03186463758273579, 0.6374806246950567, 2.7008687018479445], [-0.06100834267459272, 0.9978536027644475, 0.02379431840651039, 0.13813181481237924], [0.0, 0.0, 0.0, 1.0]]}, {'file_path': './drive/MyDrive/gokuWhiteImagesBox1/0030.jpg', 'sharpness': 20.684718363122148, 'transform_matrix': [[-0.23792521683125256, -0.11657212422953428, 0.9642626877890086, 3.5164477023730933], [0.9518049657910247, 0.16984205854946982, 0.2553839897955156, 0.8648627400701256], [-0.19354301406120689, 0.9785523057119073, 0.07054421810703014, 0.5436497273558605], [0.0, 0.0, 0.0, 1.0]]}, {'file_path': './drive/MyDrive/gokuWhiteImagesBox1/0111.jpg', 'sharpness': 27.68893952544414, 'transform_matrix': [[-0.610387982022403, -0.07324633385331893, 0.788708745985065, 3.239247119360593], [0.7885154314194044, 0.03846733073374482, 0.6138107842652669, 2.6273820541382613], [-0.07529890981146597, 0.9965717430559362, 0.0342758681578807, 0.1434468380111128], [0.0, 0.0, 0.0, 1.0]]}, {'file_path': './drive/MyDrive/gokuWhiteImagesBox1/0032.jpg', 'sharpness': 18.210178433566647, 'transform_matrix': [[-0.3045944491494853, -0.12290235513309904, 0.9445195777027211, 3.484328834860723], [0.9364008740175567, 0.14281182533904277, 0.32055917656984595, 1.023105447515711], [-0.17428604272014847, 0.9820895038946266, 0.07158618349427191, 0.49850019896591496], [0.0, 0.0, 0.0, 1.0]]}, {'file_path': './drive/MyDrive/gokuWhiteImagesBox1/0112.jpg', 'sharpness': 26.240144193067938, 'transform_matrix': [[-0.5999546743748575, -0.07975768779706022, 0.7960484281415878, 3.275793558371579], [0.7961604206239553, 0.0382744317668371, 0.603873871355156, 2.5451994806440745], [-0.0786318849463498, 0.9960792032386123, 0.040536990016946196, 0.14676948805631346], [0.0, 0.0, 0.0, 1.0]]}, {'file_path': './drive/MyDrive/gokuWhiteImagesBox1/0033.jpg', 'sharpness': 16.562354835334897, 'transform_matrix': [[-0.34471964112142084, -0.12472213248489708, 0.9303831246896119, 3.4537717287794356], [0.9244593990165437, 0.12691377477336388, 0.35953819455434455, 1.139725666983768], [-0.16292080467438358, 0.9840413017019104, 0.07155087674781095, 0.46924459472639424], [0.0, 0.0, 0.0, 1.0]]}, {'file_path': './drive/MyDrive/gokuWhiteImagesBox1/0113.jpg', 'sharpness': 22.83599488131675, 'transform_matrix': [[-0.5814277966188335, -0.09001135326907614, 0.8086035330217803, 3.3914647845340697], [0.8091782063845322, 0.039477761465629244, 0.5862355641400694, 2.395193471067346], [-0.08468971385960686, 0.9951580088843196, 0.049881757528110915, 0.14853950840950797], [0.0, 0.0, 0.0, 1.0]]}, {'file_path': './drive/MyDrive/gokuWhiteImagesBox1/0034.jpg', 'sharpness': 18.33202014059105, 'transform_matrix': [[-0.38748613920086167, -0.12089003934170997, 0.9139147062657641, 3.4378610392531375], [0.9094192473594259, 0.11229173451755978, 0.40043376342649273, 1.2790060565690307], [-0.15103352098206646, 0.9862941573187248, 0.06642823791901198, 0.44142163074301355], [0.0, 0.0, 0.0, 1.0]]}, {'file_path': './drive/MyDrive/gokuWhiteImagesBox1/0114.jpg', 'sharpness': 13.89486929982968, 'transform_matrix': [[-0.5588220565514763, -0.09635867066216715, 0.8236703926410528, 3.5196804402786324], [0.8245010736881285, 0.0420024113721891, 0.5642993681785368, 2.2952284195854613], [-0.08897127963998662, 0.9944600565338991, 0.05597595351698982, 0.15535674255906232], [0.0, 0.0, 0.0, 1.0]]}, {'file_path': './drive/MyDrive/gokuWhiteImagesBox1/0035.jpg', 'sharpness': 18.35480082891692, 'transform_matrix': [[-0.4257564500604847, -0.09954821667347329, 0.8993450938336699, 3.4637737944448657], [0.8943282698634216, 0.10475030997633143, 0.4349762272626085, 1.4432586743856664], [-0.13750778507411798, 0.9895036761584534, 0.0444306642673182, 0.40368358365576856], [0.0, 0.0, 0.0, 1.0]]}, {'file_path': './drive/MyDrive/gokuWhiteImagesBox1/0115.jpg', 'sharpness': 24.530784845724224, 'transform_matrix': [[-0.545355383052357, -0.09928555924471935, 0.8323039612515055, 3.604526967091867], [0.8331269650596607, 0.044927298069116856, 0.5512540230958307, 2.176446897353493], [-0.09212473212022405, 0.99404422216918, 0.0582161327998136, 0.17269191970924896], [0.0, 0.0, 0.0, 1.0]]}, {'file_path': './drive/MyDrive/gokuWhiteImagesBox1/0037.jpg', 'sharpness': 20.78712665895062, 'transform_matrix': [[-0.48396196399971175, -0.08387546954326414, 0.8710601144720759, 3.4852671518937495], [0.8670283305822015, 0.0888339909232891, 0.49027583667271735, 1.7253653820743635], [-0.11850186230929244, 0.9925086537051956, 0.02973013561772709, 0.335716224312428], [0.0, 0.0, 0.0, 1.0]]}, {'file_path': './drive/MyDrive/gokuWhiteImagesBox1/0116.jpg', 'sharpness': 22.808770541318832, 'transform_matrix': [[-0.5230093703389109, -0.10762231033635075, 0.8455049596952281, 3.598330827429757], [0.8466705354542831, 0.0484943888640442, 0.5299031030697134, 2.0916411740009333], [-0.09803164250870242, 0.993008425231537, 0.06575761933455115, 0.18158332608720681], [0.0, 0.0, 0.0, 1.0]]}, {'file_path': './drive/MyDrive/gokuWhiteImagesBox1/0117.jpg', 'sharpness': 20.462629239525576, 'transform_matrix': [[-0.5148224785417521, -0.1119950970060974, 0.8499499478489245, 3.6379086837447523], [0.8513701397060034, 0.049586238204128066, 0.5222165165890437, 2.0404449767230237], [-0.10063151000919916, 0.9924708072490608, 0.06982117133065771, 0.20022226189755762], [0.0, 0.0, 0.0, 1.0]]}, {'file_path': './drive/MyDrive/gokuWhiteImagesBox1/0118.jpg', 'sharpness': 26.82651758488786, 'transform_matrix': [[-0.48722845501412587, -0.1124671425786703, 0.8660020637841486, 3.58686233605261], [0.8664702290431477, 0.061292557737664656, 0.495451879145232, 1.9943189011388645], [-0.10880153862812364, 0.9917632601686663, 0.06758595257958243, 0.21794505309848322], [0.0, 0.0, 0.0, 1.0]]}, {'file_path': './drive/MyDrive/gokuWhiteImagesBox1/0119.jpg', 'sharpness': 23.16161071321884, 'transform_matrix': [[-0.4653862088116955, -0.11331593913795342, 0.877824113703211, 3.523450855069825], [0.8776018559088855, 0.0698102485641676, 0.4742799929380743, 1.9196882562146982], [-0.11502460238736115, 0.9911034391761986, 0.06695755157604626, 0.2531821771941209], [0.0, 0